7.694795360857211e+25 7.93e-13 0.0
1.3133315422600544e+25 5.38e-13 0.0
4.2503437079715065e+24 1.38e-13 0.0
1.3412593325815194e+24 3.27e-13 0.0
4.197631514983806e+23 4.95e-13 0.0
1.3250587962045656e+23 9.52e-13 0.0
4.207303476999898e+22 2.29e-12 0.0
1.62608149E+17 3.06854931E-14 5.24088465E-15
2.35751597E+17 4.29964766E-14 7.18037199E-15
2.99223156E+17 5.00189049E-14 8.35311112E-15
3.6813515E+17 5.05632049E-14 9.58028992E-15
4.75130139E+17 5.50902538E-14 9.91345E-15
7.87047603E+17 5.05339755E-14 9.45474608E-15
1.66839585E+17 2.84340931E-14 4.94519603E-15
2.33938124E+17 4.76649902E-14 7.87211076E-15
2.97409683E+17 3.84772645E-14 6.43744489E-15
3.72366621E+17 4.48764662E-14 8.70843043E-15
4.72712141E+17 5.40322486E-14 9.81516453E-15
7.28411954E+17 5.13378538E-14 9.34598112E-15
1.46105524E+18 6.79568706E-14 1.59442382E-14
8.36E+14 4.20466E-15 9.83136E-15
6.17E+14 4.10737E-14 2.39705E-15
4.77E+14 7.21224E-14 2.65451E-15
3.89E+14 7.71971E-14 2.98577E-15
3.25E+14 5.08463E-14 9.93038E-15
8.52941E+13 8.43E-14 4.09E-15
6.30435E+13 3.89E-14 4.48E-15
2.41667E+13 7.22E-14 0.0
1.31818E+13 2.94E-13 0.0
5.00E+09 3.04E-15 0.0E1
4.85E+09 4.32E-15 5.82E-16
4.85E+09 4.17E-15 6.26E-16
4.83E+09 2.66E-15 0.0E1	
1.40E+09 2.13E-15 6.44E-17
1.40E+09 1.72E-15 0.0E1
1.40E+09 1.59E-15 0.0E1
1.40E+09 1.55E-15 7.75E-17
